15 14
高等数学 程序设计进阶 数据结构 模拟电路 大学物理 test1 test2 test3 test4 test5 test6 test7 test8 test9 
X12345678 张三 男 99.99 99.99 99.99 99.99 99.99 99.99 99.99 99.99 99.99 99.99 99.99 99.99 99.99 0 
12345 student1 男 90 90 90 90 90 90 90 90 90 90 90 90 90 0 
E12214013 王天心 男 90 90 90 90 90 90 90 90 90 90 90 90 90 0 
1234 李四 男 89 89 89 89 89 89 89 89 89 89 89 89 89 0 
123456 student2 男 100 78 78 78 78 78 78 78 78 78 78 78 78 78 
002 bbb 男 53 53 53 53 53 53 53 53 53 53 53 53 53 0 
E12212123 刘乐 男 100 100 100 100 100 0 0 0 0 0 0 0 0 0 
x12212123 王五 男 100 100 100 100 100 0 0 0 0 0 0 0 0 0 
1231 lyb 男 12 23 23 23 23 23 23 23 23 23 23 23 23 0 
003 ccc 女 0 0 0 0 0 0 0 0 0 0 0 0 0 0 
004 ddd 女 0 0 0 0 0 0 0 0 0 0 0 0 0 0 
005 eee 男 0 0 0 0 0 0 0 0 0 0 0 0 0 0 
006 fff 男 0 0 0 0 0 0 0 0 0 0 0 0 0 0 
007 ggg 女 0 0 0 0 0 0 0 0 0 0 0 0 0 0 
008 hhh 男 0 0 0 0 0 0 0 0 0 0 0 0 0 0 
